Hraak Bay  (2463,15)  (2420,57)  (2420,14)  (2505,58)  (2506,0)  (2377,51)  (2377,8)  (2513,101)  (2549,0)  (2646,0)
Valley of the Mage  (392,1332)  (482,1299)  (465,1253)
Tangles  (1693,711)  (1671,758)  (1745,740)
Forlorn East  (1928,348)  (1981,308)
Hochoch  (576,1494)  (617,1481)
Spikey Forest  (2851,269)  (2837,312)  (2858,226)
Icy Sea West  (1506,39)  (1463,81)  (1463,38)  (1548,82)  (1549,0)  (1420,99)  (1420,56)  (1420,13)  (1591,43)  (1591,86)  (1592,0)  (1377,107)  (1377,64)  (1634,43)  (1634,86)  (1635,0)  (1648,129)  (1334,107)  (1334,64)  (1677,43)  (1677,86)  (1678,0)  (1691,129)  (1721,0)
Spine Ridge North  (2415,2131)  (2459,2197)
Dim Forest  (585,1416)  (544,1377)  (523,1332)  (574,1323)  (534,1451)  (594,1369)
Vesve South  (938,865)  (895,907)  (895,864)  (980,908)  (938,822)  (981,822)  (981,865)  (894,821)  (852,931)  (852,888)  (937,779)  (1024,851)  (914,736)
Winetha  (3036,1231)  (2993,1273)  (2993,1230)  (3078,1274)  (3036,1188)  (3079,1188)  (3079,1231)  (2991,1187)  (3035,1316)  (2992,1316)  (2950,1273)  (3121,1274)  (3116,1317)  (2949,1317)  (3034,1145)  (3077,1145)  (3122,1150)  (3122,1193)  (2955,1144)  (2978,1360)  (2935,1360)  (3027,1102)  (2892,1360)
Mitrick  (885,1134)  (842,1160)  (842,1117)  (909,1177)  (885,1091)  (928,1120)  (825,1074)  (971,1120)
Cruski West  (2686,87)  (2602,48)  (2755,87)  (2692,31)
Jenelrad  (2781,387)  (2738,429)  (2738,386)  (2789,430)  (2781,344)  (2824,367)  (2832,410)  (2695,457)  (2695,414)  (2695,371)  (2867,366)  (2875,409)  (2918,374)
Yatil Gap  (771,989)  (782,1032)
Duchy of Ulek  (960,1547)  (917,1543)  (1002,1590)  (960,1504)  (1003,1546)  (912,1500)
Rauxes  (2780,1478)  (2814,1434)  (2874,1439)
Hool Marshes  (893,2022)  (967,1998)
Yatil North  (416,450)  (372,433)  (459,455)  (482,498)  (498,541)  (502,455)  (525,498)  (541,541)  (545,447)  (588,427)
Lake Quag  (697,533)  (654,524)  (740,512)  (740,555)  (766,598)  (611,492)
Fellreev East  (1762,624)  (1775,557)
Gull Cliffs  (3089,1444)  (3023,1393)  (3089,1487)  (3078,1383)
Duxchan  (2807,2322)  (2893,2202)  (2691,2357)  (2729,2305)  (2887,2292)
Corusk Hraak  (2458,263)  (2534,188)
Abbor Alz  (1561,1368)  (1518,1351)  (1604,1365)
Javan  (829,1985)
Flen  (651,1700)  (728,1715)
Perrenland  (675,677)  (662,724)  (694,608)  (740,739)  (633,671)  (754,677)
Grabford  (1243,884)  (1200,909)  (1200,866)  (1285,927)  (1245,841)  (1286,884)  (1157,905)  (1329,871)
Mounds of Dawn  (629,570)  (593,629)
Vlekstaad  (2121,337)  (2142,294)  (2181,376)
Burneal West  (439,113)  (396,155)  (396,112)  (482,83)  (482,126)  (353,128)  (525,89)
Blemu Hills  (2514,1117)  (2568,1058)  (2596,999)
Densac Gulf  (2057,2613)  (2014,2639)  (2014,2596)  (2057,2570)  (2100,2590)  (2100,2633)  (1996,2553)  (1971,2639)  (1971,2596)  (2039,2527)  (2082,2527)  (2143,2613)  (1953,2553)  (1953,2510)  (1996,2510)  (1928,2639)  (1928,2596)  (2186,2620)  (1910,2553)  (1910,2510)  (1885,2639)  (1885,2596)  (2229,2620)  (1867,2553)  (1867,2510)  (1842,2639)  (1842,2596)  (2272,2614)  (1824,2553)  (1824,2510)  (1818,2467)  (1799,2639)  (1799,2596)  (2315,2614)  (1781,2553)  (1781,2510)  (1756,2639)  (1756,2596)  (2358,2611)  (1713,2639)  (1713,2596)  (2401,2602)  (2444,2594)  (2444,2637)
Tors  (801,2048)  (751,2103)
Caliphate of Ekbir  (97,678)  (102,734)  (121,787)  (169,818)  (184,759)  (195,693)  (125,561)  (130,609)  (59,630)  (199,615)  (240,656)
Menowood  (2368,2089)  (2325,2122)  (2411,2066)
Tiger Nomads  (492,299)  (449,341)  (449,298)  (534,342)  (492,256)  (535,256)  (535,299)  (447,255)  (491,384)  (448,384)  (406,341)  (406,298)  (577,342)  (544,385)  (405,384)  (490,213)  (578,236)  (578,279)  (441,212)  (620,322)
Icy Sea  (1913,65)  (1870,107)  (1870,64)  (1955,108)  (1913,22)  (1956,22)  (1956,65)  (1868,21)  (1912,150)  (1869,150)  (1827,107)  (1827,64)  (1998,108)  (1995,151)  (1826,151)  (1999,0)  (1999,43)  (1825,21)  (1784,108)  (1784,65)  (2041,86)  (2041,129)  (1783,156)  (2042,0)  (2042,43)  (1782,22)
Sepia Uplands  (938,582)  (953,625)  (910,625)  (906,539)  (949,539)  (992,552)
Adri Forest  (2619,1320)  (2576,1362)  (2576,1319)  (2661,1363)  (2619,1277)  (2662,1277)  (2662,1320)  (2574,1276)  (2618,1405)  (2691,1406)  (2568,1233)  (2598,1190)
Jotens  (506,1792)  (463,1834)  (549,1753)  (549,1796)  (592,1753)
Fellreev West  (1569,527)  (1558,581)
Thornward  (654,1162)  (608,1213)  (698,1182)
Murts Cove  (1934,2429)  (1894,2333)  (1880,2445)  (1950,2330)  (2002,2340)
Fruztii  (2581,404)  (2538,446)  (2538,403)  (2609,447)  (2581,361)  (2624,361)  (2566,489)  (2495,458)  (2495,415)  (2614,490)  (2588,318)  (2631,315)  (2674,311)  (2600,272)
Plains of the Paynims  (159,1095)  (116,1137)  (116,1094)  (201,1138)  (160,1052)  (202,1095)  (203,1051)  (158,1180)  (115,1180)  (73,1137)  (73,1094)  (244,1138)  (244,1181)  (201,1181)  (72,1180)  (245,1094)  (246,1034)  (30,1137)  (30,1094)  (287,1137)  (287,1180)  (288,1077)  (289,998)  (331,1041)  (331,1084)
Dramidj Ocean  (24,475)  (66,518)  (23,518)  (0,432)  (43,432)  (67,475)  (86,413)  (64,561)  (21,561)  (0,389)  (43,389)  (110,456)  (129,379)  (3,604)  (3,647)  (21,690)  (23,733)
Thelly  (2625,1859)  (2675,1847)  (2456,1791)
Cruski South  (3347,327)  (3344,247)
Womtham  (2311,1211)  (2268,1253)  (2320,1168)  (2363,1198)
Corusk Pass  (3064,176)  (3069,219)  (3094,110)
Mistmarsh  (1516,1271)
White Fanged Bay  (2029,235)  (1986,256)  (1986,213)  (2071,278)  (2043,192)  (2072,235)
Crystalmist North  (212,1567)  (228,1610)  (203,1524)  (256,1658)  (289,1701)
Cairn Hills  (1543,1195)  (1590,1167)
Flinty Hills  (2405,1102)  (2362,1106)  (2447,1145)  (2394,1059)  (2437,1059)  (2404,1149)  (2319,1106)  (2276,1126)  (2233,1124)
Sea of Ulek  (1359,1947)  (1316,1989)  (1316,1946)  (1401,1990)  (1359,1904)  (1402,1904)  (1402,1947)  (1314,1903)  (1358,2032)  (1315,2032)  (1273,1989)  (1273,1946)  (1444,1990)  (1444,2033)  (1401,2033)  (1272,2033)  (1361,1861)  (1404,1861)  (1445,1904)  (1445,1947)  (1271,1903)  (1271,1860)  (1447,1859)  (1358,2075)  (1315,2075)  (1230,1990)  (1230,1947)  (1487,1990)  (1487,2033)  (1487,2076)  (1444,2076)  (1401,2076)  (1390,1818)  (1488,1902)  (1488,1945)  (1228,1904)  (1490,1831)  (1187,2007)  (1187,1964)  (1530,1988)  (1530,2031)  (1531,1874)  (1531,1917)  (1185,1921)  (1533,1822)  (1144,1995)  (1142,1952)  (1142,1909)  (1576,1849)  (1099,1988)  (1099,1945)
Dramidj North  (66,134)  (23,176)  (23,133)  (108,177)  (66,91)  (109,91)  (109,134)  (21,90)  (65,219)  (22,219)  (151,177)  (151,220)  (108,220)  (64,48)  (107,48)  (150,48)  (152,91)  (152,134)  (0,47)  (193,7)  (65,262)  (22,262)  (194,177)  (149,263)  (43,5)  (86,5)  (129,5)  (195,50)  (195,93)  (0,4)  (236,0)  (106,305)  (63,305)  (20,305)  (162,306)  (238,43)  (279,0)  (281,43)  (322,0)
Troll Fens  (2175,626)  (2217,559)  (2270,583)
Hestmark Highlands  (2672,2092)  (2665,2135)  (2682,2049)
Dastryth  (2708,1512)  (2665,1554)  (2665,1511)  (2750,1555)  (2708,1469)  (2663,1468)
Prelacy of Almor  (2268,1398)  (2355,1378)  (2309,1352)  (2406,1500)  (2408,1449)  (2256,1348)  (2220,1399)  (2319,1425)
Dim Forest East  (682,1449)  (646,1395)
Asperdi  (3225,1446)  (3334,1415)  (3253,1307)  (3233,1583)
North Olman Isles  (1641,2473)  (1601,2447)  (1733,2460)
Fellreev South  (1523,619)  (1517,685)
Clatspur Range  (833,743)  (849,786)  (806,786)  (836,700)  (835,657)
Nyr Dyv  (1490,1074)  (1512,1131)  (1664,1068)  (1576,1087)  (1434,1111)  (1717,1117)  (1713,1067)
Nuther Wood  (2029,841)
Celene  (1170,1473)  (1247,1469)  (1177,1407)  (1224,1565)  (1216,1514)
Blue  (1622,1726)  (1578,1709)  (1596,1795)
Duchy of Tenh  (2010,623)  (1967,665)  (1967,622)  (2021,580)  (2053,623)  (2064,569)  (2065,666)  (1957,708)  (1914,706)  (2131,685)
Eru-Tovar  (934,349)  (891,365)  (891,322)  (976,392)  (934,306)  (977,306)  (977,349)  (933,408)  (863,279)  (1019,397)  (976,435)  (933,451)  (985,478)
Bandit Kingdoms  (1626,684)  (1600,644)  (1635,597)  (1682,641)
Cold Marshes North  (1181,102)  (1166,147)  (1256,128)
Burneal East  (930,151)  (887,180)  (887,137)  (972,194)  (930,108)  (973,126)  (844,164)  (1015,169)
Yecha Hills  (197,430)  (223,366)
Rakers West  (2383,964)  (2340,998)
Good Hills  (824,1820)  (866,1863)  (778,1771)
Jotens South  (442,1937)  (472,1980)  (485,1907)  (487,2034)  (667,1799)
Celadon Forest  (1892,1362)  (1934,1405)  (1861,1319)
Icy Sea East  (2219,1)  (2262,0)
Sea of Dust  (-100,-100)
Bluff Hills  (1855,521)  (1926,493)
County of Ulek  (1131,1644)
Vast Swamp  (2534,2179)  (2484,2109)  (2537,2103)  (2583,2132)  (2529,2236)
Dorakaa  (1297,608)  (1252,628)  (1241,577)  (1202,638)  (1194,592)  (1197,546)  (1284,548)
Fenrill  (1395,1671)  (1378,1711)
Lortmil Mountains  (877,1396)  (919,1439)  (839,1353)  (962,1428)
Aerdi Sea  (2849,2008)  (2806,2050)  (2806,2007)  (2891,2051)  (2849,1965)  (2892,1965)  (2892,2008)  (2804,1964)  (2848,2093)  (2805,2093)  (2763,2050)  (2763,2007)  (2934,2051)  (2762,2094)  (2847,1922)  (2935,1954)  (2935,1997)  (2774,1921)  (2824,2136)  (2978,1944)
Naerie  (2315,2025)  (2296,2068)  (2358,2018)
Soull  (3240,535)  (3203,494)  (3162,538)  (3284,493)
Adri West  (2498,1257)  (2498,1300)  (2473,1214)
Griff North  (2288,382)  (2316,339)  (2359,331)
Lone Heath  (3052,1599)  (3096,1576)
Land of Black Ice  (595,0)  (552,12)  (638,0)  (509,1)  (681,0)  (724,0)  (767,0)
Koblekk  (1279,468)  (1236,501)  (1322,427)  (1322,470)  (1358,384)
Pitchfield  (2470,1983)  (2512,2026)  (2501,1940)  (2513,1983)
Yatil South  (665,881)  (712,910)
Loftwood  (2752,793)
Admundfort  (1558,1037)
Sulward City  (3149,2126)  (3081,2199)
South Province  (2373,1724)  (2330,1757)  (2330,1714)  (2398,1767)  (2373,1681)  (2416,1684)  (2441,1727)  (2287,1711)
Grendep Bay  (2824,605)  (2781,647)  (2781,604)  (2866,648)  (2824,562)  (2867,562)  (2867,605)  (2779,561)  (2823,690)  (2780,690)  (2738,647)  (2738,604)  (2909,648)  (2909,691)  (2866,691)  (2737,691)  (2822,519)  (2865,519)  (2908,519)  (2910,562)  (2910,605)  (2736,561)  (2736,518)  (2779,518)  (2823,733)  (2780,733)  (2695,648)  (2695,605)  (2952,648)  (2952,691)  (2936,734)  (2893,734)  (2694,721)  (2822,476)  (2865,476)  (2908,476)  (2693,562)  (2693,519)  (2652,636)  (2995,671)  (2891,777)  (2650,593)  (2650,550)
Riftcrag  (1802,703)  (1837,751)
Ull  (133,1261)  (155,1305)  (55,1311)  (114,1359)  (46,1262)  (88,1236)  (185,1259)
Woolly Bay  (1484,1558)  (1441,1591)  (1441,1548)  (1526,1601)  (1484,1515)  (1527,1545)  (1430,1505)  (1398,1560)  (1569,1588)  (1569,1631)  (1570,1545)  (1387,1517)  (1406,1462)  (1449,1462)  (1612,1588)  (1612,1631)  (1404,1419)  (1447,1419)  (1638,1674)  (1655,1591)  (1428,1376)  (1681,1634)  (1681,1677)  (1695,1720)  (1724,1604)  (1724,1647)  (1738,1690)  (1767,1606)
Midmeadow  (2063,941)  (2020,961)  (2020,918)  (2074,984)  (2106,903)  (2031,1004)
Suss Forest  (1305,1638)  (1327,1682)  (1379,1627)
Rakers  (2498,757)  (2413,653)  (2471,705)
Grandwood Forest  (2958,1559)  (2915,1601)  (2915,1558)  (2984,1602)  (2958,1516)  (2941,1644)  (2898,1644)  (2971,1473)
Lopolla  (539,948)  (456,922)  (586,936)  (412,952)  (629,971)  (672,951)
Forlorn Forest  (1825,267)  (1782,280)  (1867,310)  (1785,224)  (1868,229)
Deepstill  (1096,478)  (1053,509)  (1138,521)  (1085,435)  (1139,470)
Reyhu  (1662,962)  (1683,919)
Ratik Pass  (2578,845)
Hookhill  (732,1373)  (756,1416)  (721,1330)
Sea Barons  (3299,1464)  (3263,1515)  (3138,1403)  (3185,1327)  (3274,1408)  (3322,1335)  (3268,1634)  (3279,1693)  (3316,1548)  (3353,1494)  (3381,1356)  (3408,1412)  (3405,1470)  (3376,1553)  (3330,1628)
North Province  (2931,1034)  (2888,1059)  (2888,1016)  (2954,1077)  (2974,993)  (2997,1036)  (2845,1058)  (2845,1015)  (3040,1051)
Principality of Ulek  (1156,1788)  (1150,1831)  (1163,1745)
Oyt Wood  (485,1512)  (538,1534)
Hellfurnaces South  (898,2633)  (900,2538)  (804,2496)  (847,2541)  (871,2487)  (881,2586)
Niole Dra  (915,1709)  (849,1671)  (897,1622)  (789,1578)  (771,1627)  (847,1585)  (814,1628)  (780,1674)  (897,1666)
Wild Coast  (1327,1390)  (1329,1344)
Amedio Jungle  (1061,2516)  (1038,2575)  (1142,2563)  (1175,2454)  (1203,2399)  (1219,2345)  (1001,2513)  (987,2575)  (1024,2628)  (1126,2508)  (1267,2348)  (1223,2294)  (1251,2398)
Jotsplat  (3017,52)  (2932,40)  (3060,23)  (2846,55)
Lorridges North  (739,1073)  (692,1119)  (761,1123)
Wastes  (1590,207)  (1547,230)  (1547,187)  (1593,250)  (1633,183)  (1636,226)  (1504,196)  (1679,189)  (1690,232)  (1704,275)  (1733,208)
Sterich  (464,1719)  (592,1703)  (582,1636)  (581,1574)  (445,1764)
Loftwick  (603,1934)  (560,1976)  (560,1933)  (628,1977)  (611,1891)  (654,1883)
Rakers East  (2676,809)
Griff Barrens  (1994,438)  (1986,481)  (2037,407)
Rovers of the Barrens  (1612,356)  (1630,411)  (1726,392)  (1686,442)  (1647,294)  (1580,308)  (1724,332)  (1562,367)  (1541,415)  (1585,415)  (1731,446)  (1680,391)  (1770,340)
Ountsy  (3142,1493)  (3042,1508)  (3149,1536)
Yatil West  (291,461)  (378,511)
Whyestil Lake  (1220,728)  (1177,770)  (1177,727)  (1263,707)  (1176,684)
Tusman Hills  (369,908)  (355,958)  (380,835)
Chendl  (1092,959)  (1165,1006)  (1148,955)
County of Sunndi  (2586,2006)  (2566,1963)  (2629,2002)
Bone March  (2531,978)  (2597,934)  (2642,924)  (2514,931)  (2489,1016)  (2595,891)  (2699,860)  (2751,861)
Corusk South  (3374,507)  (3380,550)  (3377,464)
Spindrift Sound  (3132,1836)  (3089,1878)  (3089,1835)  (3174,1879)  (3132,1793)  (3175,1793)  (3175,1836)  (3087,1792)  (3131,1921)  (3088,1921)  (3130,1750)  (3173,1750)  (3218,1764)  (3046,1749)  (3045,1942)  (3168,1964)  (3125,1964)  (3089,1707)  (3132,1707)  (3175,1707)  (3046,1706)  (3082,1985)  (3039,1985)  (3164,2007)  (3121,2028)  (3078,2028)  (3035,2028)  (3068,2071)  (3025,2071)
Grand Duchy of Geoff  (430,1536)  (364,1488)  (439,1422)  (427,1586)  (482,1444)  (485,1399)
Corusk Mountains  (2629,137)  (2586,131)  (2672,129)  (2715,129)  (2758,130)
Banner Hills  (424,1075)  (381,1117)  (410,1032)  (467,1084)  (362,1160)  (510,1115)
Irongate  (2116,1853)  (2157,1883)  (2159,1824)  (2200,1863)
Rift Canyon  (1732,837)  (1689,866)  (1689,823)  (1774,880)  (1775,809)  (1646,846)  (1818,809)  (1861,800)
Sea of Gearnat  (1909,1702)  (1866,1744)  (1866,1701)  (1919,1659)  (1952,1702)  (1962,1655)  (1970,1745)  (1823,1692)  (1994,1788)  (1995,1698)
Tusmit  (251,830)  (251,765)  (305,922)  (353,777)  (260,715)  (310,689)  (305,744)  (263,876)  (331,840)  (351,731)
Glorioles  (2621,1918)  (2664,1915)  (2570,1908)  (2669,1958)  (2547,1865)  (2707,1912)  (2712,1955)  (2730,1869)
Elredd  (1299,1571)  (1344,1567)
Ceshra  (185,947)  (150,879)  (119,1005)  (107,950)  (177,995)  (82,844)  (232,921)  (237,973)
Burneal Forest  (650,140)  (607,182)  (607,139)  (650,183)  (693,115)  (736,102)  (779,86)  (779,129)
Corusk Vatun  (2919,169)  (2918,212)  (2962,165)  (2962,208)  (2822,175)
Lo Reltarma  (3362,1808)  (3345,2081)  (3375,1904)  (3363,2017)
Crystalmist Mountains  (337,1729)  (349,1686)  (379,1772)  (380,1729)  (392,1656)  (403,1815)  (407,1858)
Molag  (1432,784)  (1389,801)  (1389,758)  (1470,827)  (1432,741)  (1475,741)  (1475,784)  (1427,844)  (1346,801)  (1346,758)  (1448,698)  (1425,887)  (1303,820)  (1406,930)
Blackwater  (1135,351)  (1092,366)  (1177,394)
Rel Astra  (3017,1658)  (2996,1721)  (3081,1648)  (3146,1617)
Yecha  (292,253)  (249,295)  (249,252)  (334,296)  (292,210)  (335,210)  (335,253)  (206,263)  (353,339)  (310,339)  (250,167)  (293,167)  (272,124)
Jalpa  (2547,1590)  (2504,1632)  (2504,1589)  (2589,1633)  (2547,1547)  (2590,1547)  (2590,1590)  (2502,1546)  (2546,1675)  (2632,1633)  (2626,1676)  (2545,1504)  (2588,1504)  (2479,1503)  (2583,1718)  (2540,1718)  (2522,1461)  (2475,1460)  (2626,1751)  (2583,1761)  (2518,1418)  (2475,1417)  (2680,1770)  (2724,1778)  (2637,1794)  (2434,1374)  (2477,1374)  (2425,1331)
Free City of Greyhawk  (1468,1258)  (1449,1306)
Jerlea Bay  (1004,2332)  (961,2374)  (961,2331)  (1046,2375)  (1004,2289)  (1047,2289)  (1047,2332)  (959,2288)  (1003,2417)  (960,2417)  (918,2374)  (918,2331)  (1089,2375)  (1089,2418)  (1046,2418)  (917,2418)  (1002,2246)  (1045,2246)  (1088,2246)  (1090,2289)  (1090,2332)  (916,2288)  (1131,2205)  (875,2375)  (875,2332)  (1132,2375)  (874,2422)  (1006,2203)  (1049,2203)  (1133,2248)  (1133,2291)  (873,2289)  (832,2379)  (832,2336)  (831,2430)
Azure Sea  (1759,2179)  (1716,2221)  (1716,2178)  (1801,2222)  (1759,2136)  (1802,2136)  (1802,2179)  (1714,2135)  (1758,2264)  (1715,2264)  (1673,2221)  (1673,2178)  (1844,2222)  (1844,2265)  (1801,2265)  (1672,2265)  (1757,2093)  (1800,2093)  (1843,2093)  (1845,2136)  (1845,2179)  (1671,2135)  (1671,2092)  (1714,2092)  (1886,2052)  (1758,2307)  (1715,2307)  (1630,2222)  (1630,2179)  (1887,2222)  (1887,2265)  (1837,2308)  (1672,2308)  (1629,2308)  (1629,2265)  (1757,2050)  (1800,2050)  (1843,2050)  (1888,2095)  (1888,2138)  (1628,2136)  (1628,2093)  (1628,2050)  (1671,2049)  (1714,2049)  (1794,2350)  (1751,2350)  (1587,2222)  (1587,2179)  (1930,2181)  (1930,2224)  (1930,2267)
Lorridges  (777,1228)  (775,1271)  (747,1185)  (820,1214)
Gradsul  (1018,1808)  (975,1850)  (975,1807)  (1060,1851)  (1018,1765)  (1061,1778)  (973,1764)  (930,1794)
Willip  (1359,1024)  (1316,1018)  (1394,1067)  (1359,981)
Shield Lands  (1461,980)  (1476,934)  (1528,906)  (1484,886)  (1525,852)  (1560,980)
Hesuel Ilshar  (2266,2490)  (2310,2499)  (2354,2479)
Barrier West  (269,1277)  (211,1333)  (186,1376)  (143,1406)
Dreadwood  (963,1921)  (920,1926)  (1006,1909)  (877,1931)
Artonsamay  (1926,780)
Theocracy of the Pale  (2199,778)  (2156,820)  (2156,777)  (2241,821)  (2199,735)  (2242,735)  (2242,778)  (2113,853)  (2219,692)  (2249,649)
Verbobonc  (1033,1189)  (1081,1205)  (1105,1263)
Solnor North  (3423,340)  (3440,383)  (3389,297)  (3432,297)
Celadon West  (1804,1325)  (1782,1409)
Yatil Mountains  (409,742)  (451,785)  (400,699)  (443,699)  (452,742)  (494,785)  (494,828)  (451,828)  (408,656)  (451,656)  (428,613)  (433,570)
Dancardeen  (2206,2547)  (2163,2561)  (2249,2543)  (2292,2543)
Vesve Forest  (1062,672)  (1019,714)  (1019,671)  (1104,715)  (1062,629)  (1105,629)  (1105,672)  (1017,628)  (1061,757)  (1018,757)  (1060,586)  (1103,586)  (1148,587)
Krakenheim  (2774,261)
Hepmonaland  (2715,2593)  (2672,2635)  (2672,2592)  (2757,2636)  (2715,2550)  (2758,2550)  (2758,2593)  (2670,2549)  (2629,2639)  (2629,2596)  (2800,2636)  (2801,2537)  (2801,2580)  (2632,2506)  (2675,2506)  (2586,2639)  (2586,2596)  (2843,2623)  (2844,2579)  (2543,2639)  (2543,2596)  (2886,2622)
Relmor Bay  (2138,1586)  (2095,1628)  (2095,1585)  (2180,1629)  (2138,1543)  (2181,1543)  (2181,1586)  (2093,1542)  (2113,1671)  (2070,1671)  (2052,1628)  (2052,1585)  (2223,1629)  (2172,1500)  (2215,1500)  (2224,1543)  (2224,1586)  (2050,1542)  (2258,1466)  (2266,1629)  (2267,1509)  (2267,1552)  (2309,1595)
Griff East  (2344,457)  (2371,500)  (2387,418)  (2371,543)  (2390,586)
Stoink  (1900,879)  (1911,922)  (1943,861)
Rakers North  (2338,639)  (2353,706)  (2309,685)  (2329,599)  (2403,719)
Onnwal  (1855,1788)  (1847,1839)
Hornwood  (332,1588)  (314,1545)  (375,1591)
Telaneteculi  (1202,2574)  (1193,2632)  (1235,2639)  (1212,2528)  (1257,2510)  (1362,2639)  (1405,2639)  (1505,2639)  (1548,2635)
Corusk Fjord  (2820,2)  (2981,0)  (2777,3)  (2734,1)
Rookroost  (1858,577)  (1974,544)  (1876,624)
Scant Strait  (1752,1900)  (1709,1942)  (1709,1899)  (1794,1943)  (1752,1857)  (1795,1857)  (1795,1900)  (1707,1856)  (1751,1985)  (1666,1970)  (1666,1927)  (1837,1943)  (1797,1986)  (1750,1814)  (1838,1880)  (1664,1884)  (1689,1813)  (1623,1957)  (1880,1923)  (1753,1771)  (1621,1914)  (1923,1901)
Phostwood  (2026,743)  (2069,714)  (2069,757)
Lendore Isles  (3319,1879)  (3318,1968)  (3264,1917)  (3257,1977)  (3266,1847)  (3272,2076)  (3383,1960)  (3301,1794)  (3382,1739)  (3431,1782)  (3435,1966)  (3377,2146)  (3431,2149)
Solnor Ocean  (3264,958)  (3221,1000)  (3221,957)  (3306,1001)  (3264,915)  (3307,915)  (3307,958)  (3219,914)  (3263,1043)  (3220,1043)  (3178,1000)  (3178,957)  (3349,1001)  (3349,1044)  (3306,1044)  (3177,1044)  (3262,872)  (3305,872)  (3348,872)  (3350,915)  (3350,958)  (3176,914)  (3176,871)  (3219,871)  (3391,831)  (3263,1086)  (3220,1086)  (3135,1001)  (3135,958)  (3392,1001)  (3392,1044)  (3392,1087)  (3349,1087)  (3306,1087)  (3177,1087)  (3134,1086)  (3262,829)  (3305,829)  (3348,829)  (3393,874)  (3393,917)  (3133,915)  (3133,872)  (3133,829)  (3176,828)  (3219,828)  (3391,788)  (3434,788)  (3434,831)  (3263,1129)  (3220,1129)  (3092,1024)  (3092,981)
Drachensgrab Hills  (1452,1707)  (1518,1761)  (1439,1767)  (1381,1774)  (1558,1750)
Barrier North  (467,1172)  (510,1175)  (575,1155)
Yatil East  (709,813)  (752,799)  (752,842)
Hellfurnaces West  (426,2100)  (715,2506)
Barrier East  (547,1218)  (534,1282)
Idee  (2138,1934)  (2182,1962)  (2223,1929)
Cold Marshes East  (1371,286)  (1328,292)  (1414,277)  (1414,320)  (1428,363)  (1457,282)  (1471,325)
Gryrax  (1253,1760)  (1246,1803)  (1241,1717)
Solnor Cruski  (3421,18)  (3440,61)  (3440,104)  (3283,11)  (3440,179)
Hraak Pass  (2423,348)  (2392,280)
Traft  (838,598)  (820,528)
Ulsprue Mountains  (1,1248)  (0,1305)  (0,1366)
Edge Field  (2747,1326)  (2789,1369)  (2746,1369)  (2718,1283)  (2761,1283)
Amedio Bay  (1425,2390)  (1382,2432)  (1382,2389)  (1467,2433)  (1425,2347)  (1468,2347)  (1468,2390)  (1380,2346)  (1424,2475)  (1381,2475)  (1339,2432)  (1339,2389)  (1510,2433)  (1510,2476)  (1467,2476)  (1338,2476)  (1423,2304)  (1466,2304)  (1509,2304)  (1511,2347)  (1511,2390)  (1337,2346)  (1337,2303)  (1380,2303)  (1424,2518)  (1381,2518)  (1553,2433)  (1532,2519)  (1489,2519)  (1338,2519)  (1295,2458)  (1423,2261)  (1466,2261)  (1509,2261)  (1294,2284)  (1337,2260)  (1380,2260)  (1275,2241)  (1446,2561)  (1403,2561)  (1525,2562)  (1360,2562)  (1317,2562)  (1423,2218)  (1466,2218)  (1509,2218)  (1318,2217)  (1361,2217)  (1239,2198)  (1482,2604)  (1439,2604)
Quag  (760,414)  (717,455)  (717,412)  (802,457)  (760,371)  (803,371)  (803,414)  (714,369)  (674,450)  (845,457)  (846,407)  (671,407)
Kro Terlep  (2306,2428)  (2281,2368)  (2362,2368)  (2408,2371)
County of Urnst  (1918,1024)  (1875,1021)  (1936,1067)  (1893,1067)  (1953,981)  (1961,1024)  (1910,1110)
Dry Steppes  (12,1755)  (54,1798)  (11,1798)  (0,1712)  (43,1712)  (55,1755)  (86,1709)  (77,1841)  (34,1841)  (0,1669)  (43,1669)  (127,1871)  (84,1884)  (41,1884)  (0,1626)  (43,1626)  (170,1871)  (170,1914)  (127,1914)  (84,1927)  (41,1927)  (0,1583)  (43,1583)  (213,1872)  (213,1915)  (170,1957)  (127,1957)  (214,1958)  (84,1970)  (41,1970)  (0,1540)  (43,1540)  (256,1896)  (171,2000)  (128,2000)  (257,1939)  (257,1982)  (214,2001)  (85,2013)  (42,2013)  (0,1497)  (43,1497)  (300,1922)  (98,2056)  (55,2056)  (12,2056)  (0,1454)  (43,1454)
Spine Ridge  (2456,2413)  (2411,2437)  (2513,2355)
Hellfurnaces North  (549,2096)  (591,2139)  (573,2053)  (592,2096)  (620,2182)  (635,2061)  (678,2069)
Bright Desert  (1641,1473)  (1598,1492)  (1598,1449)  (1683,1516)  (1642,1430)  (1684,1473)  (1555,1461)
Lortmil South  (1150,1566)  (1107,1533)  (1193,1602)  (1101,1490)
Lortmil North  (939,1342)  (867,1261)  (989,1380)  (1038,1403)
Stark Mounds  (481,1619)
Yatil Exag  (523,689)  (563,732)  (506,646)
Ratik  (2543,718)  (2572,761)  (2637,769)
Corusk Djekul  (2617,219)  (2545,282)  (2660,212)  (2502,308)  (2703,206)  (2501,351)  (2746,195)
Schnai  (3076,345)  (3033,367)  (3033,324)  (3118,388)  (3076,302)  (3119,337)  (2990,342)  (2990,299)  (3161,380)  (3161,423)  (3118,431)  (2947,324)  (2947,281)
Griff West  (2128,417)  (2039,505)  (2102,471)
Gnarley Forest  (1303,1297)  (1356,1284)  (1351,1239)
Cruski  (3300,59)  (3130,54)  (3217,20)  (3352,72)
Fellreev Forest  (1655,523)  (1612,508)  (1697,566)  (1698,501)
The Yeomanry  (723,1985)  (680,2015)  (731,2028)
The Horned Society  (1427,555)  (1458,598)  (1415,598)  (1385,512)  (1428,512)  (1421,641)  (1378,641)  (1396,469)  (1439,469)  (1482,457)  (1373,684)  (1430,426)  (1473,414)
Cold Marshes West  (1113,241)  (1070,283)  (1156,225)  (1199,237)
Yatil Pass  (639,793)  (572,871)
Runat  (2194,2443)  (2212,2392)
Gamboge Forest  (2209,982)  (2166,1005)  (2166,962)  (2251,1025)  (2209,939)
Hraak Forest  (2388,182)  (2345,224)  (2400,139)  (2431,182)  (2443,127)
Hool  (668,2154)  (713,2233)
Gran March  (823,1457)
Woodwych  (2029,1184)  (1986,1226)  (1986,1183)  (2071,1227)  (2029,1141)  (2072,1141)  (2072,1184)  (1984,1140)  (2028,1269)  (1985,1269)  (1943,1226)  (2079,1270)  (1942,1270)  (2027,1098)  (2070,1098)  (2113,1098)  (2115,1141)  (2115,1184)  (1993,1312)  (1900,1227)  (2029,1055)  (2072,1055)  (2115,1055)  (2158,1129)
Ogburg  (2319,837)  (2276,879)  (2361,880)  (2308,794)  (2351,794)  (2318,922)  (2304,751)
Kron Hills  (1094,1329)  (1051,1358)  (1137,1313)  (1151,1356)
Thunder Pass  (2193,454)
Corusk Sable  (3187,181)  (3144,151)  (3230,139)  (3230,182)  (3187,138)  (3237,225)  (3268,268)  (3303,311)  (3303,354)
Pontylver  (2834,1807)  (2791,1833)  (2854,1850)  (2877,1768)
Marner  (2566,605)  (2523,594)  (2605,648)  (2566,562)  (2615,691)
Ahlissa  (2165,1747)  (2122,1767)  (2122,1724)  (2207,1790)  (2208,1720)  (2079,1764)  (2250,1763)  (2250,1806)
Havenhill  (1326,1743)  (1309,1800)
Bellport  (2716,921)
The Headlands  (1981,1872)  (1940,1795)
Bissel  (662,1287)  (619,1297)  (705,1256)
Bramblewood West  (544,1029)  (501,1035)  (587,1004)
Flotsam and Jetsom  (1096,2117)  (1143,2147)  (1016,2146)  (1023,2043)  (1148,2054)
See of Medegia  (2937,1835)  (2938,1898)  (3025,1893)  (2948,1777)  (3002,1776)  (3034,1840)
Freehold  (1758,936)
Corusk Knudje  (3141,274)  (3118,231)  (3184,262)  (3190,305)  (3213,348)  (3241,391)
Eastfair  (2699,1071)  (2656,1113)  (2656,1070)  (2720,1114)  (2699,1028)  (2742,1028)  (2742,1071)  (2654,1027)  (2677,1156)  (2613,1117)  (2697,985)  (2740,985)  (2783,985)  (2785,1028)  (2650,984)
Welkwood South  (1275,1509)  (1293,1434)  (1265,1566)  (1331,1467)
Tundra  (663,60)  (706,51)  (853,41)  (450,36)  (407,41)  (364,56)
Duchy of Urnst  (1670,1242)  (1696,1199)  (1765,1247)  (1739,1325)  (1642,1302)  (1595,1294)  (1623,1244)  (1647,1198)  (1675,1153)  (1690,1297)  (1754,1288)
Blackmoor  (1067,66)  (1024,88)  (1024,45)  (1109,109)  (1110,36)  (981,49)  (1119,152)  (1153,42)  (938,43)  (1196,37)  (1239,11)
Soull Pass  (3317,451)
Sultanate of Zeif  (0,840)  (16,797)
Timberway Forest  (2450,604)  (2493,647)  (2428,524)
Udgru East  (307,631)  (354,626)
Sulhaut Mountains  (204,1789)  (161,1821)  (161,1778)  (204,1746)  (247,1756)  (247,1799)  (271,1842)  (165,1703)  (208,1703)  (290,1795)  (314,1838)  (122,1660)  (165,1660)  (353,1939)  (123,1617)  (166,1617)  (386,1982)  (343,1982)  (126,1574)  (381,2025)  (338,2025)  (128,1531)  (295,2061)  (252,2064)  (209,2067)  (166,2082)  (129,1488)  (123,2101)  (80,2108)  (37,2119)
Glot  (3358,389)
Abbor Alz East  (1785,1506)  (1742,1548)  (1827,1549)  (1763,1463)  (1730,1420)  (1718,1377)
Dyvers  (1249,1129)  (1206,1171)  (1206,1128)  (1291,1172)  (1249,1086)  (1292,1086)  (1292,1129)  (1163,1174)  (1163,1131)  (1335,1107)  (1335,1150)
Littleberg  (1077,1071)  (1034,1113)  (1034,1070)  (1081,1114)  (1077,1028)  (1120,1040)  (991,1075)
Lordship Isles East  (3095,2148)  (3150,2172)  (3051,2154)  (3196,2112)
Rel Mord  (2202,1306)  (2114,1330)  (2135,1282)  (2218,1176)  (2159,1237)
Antalotol  (3,974)  (45,1017)  (2,1017)  (0,931)  (46,974)
Kaport Bay  (2862,886)  (2819,928)  (2819,885)  (2904,929)  (2862,843)  (2905,875)  (2817,842)
Barrier South  (242,1437)  (281,1480)  (285,1435)  (328,1424)  (433,1364)
Hold of the Sea Princes  (859,2133)  (787,2189)  (804,2138)  (942,2056)  (860,2082)  (860,2180)  (956,2123)  (945,2199)
The Lordship Isles  (2839,2248)  (2787,2257)  (2786,2380)  (2738,2397)  (2843,2196)  (2905,2138)  (2700,2261)  (2996,2163)  (2965,2263)
Gnat Marshes  (1897,1520)  (1861,1452)
Port Ekul  (2401,2548)  (2354,2549)  (2450,2481)  (2510,2436)
Warfields  (1606,954)  (1583,871)  (1592,912)
Rakers South  (2471,874)  (2495,831)  (2456,917)  (2446,960)
Meno Bay  (2313,2256)  (2270,2289)  (2270,2246)  (2355,2299)  (2313,2213)  (2356,2213)  (2356,2256)  (2227,2289)  (2227,2246)  (2398,2299)  (2312,2170)  (2355,2170)  (2399,2182)  (2399,2225)  (2216,2344)  (2184,2301)  (2441,2268)  (2441,2311)  (2141,2320)  (2098,2351)  (2098,2308)
Archclericy of Veluna  (984,1253)  (941,1240)  (1008,1296)  (1027,1245)
Crockport  (1022,963)  (979,1005)  (1086,899)
Highfolk  (843,1009)  (910,1002)
Celene Pass  (1046,1505)  (1078,1426)
Chathold  (2368,1546)  (2418,1561)
Wolf Nomads  (731,249)  (688,291)  (688,248)  (746,292)  (731,206)  (774,208)  (789,251)
Barrens West  (1423,201)  (1380,228)  (1380,185)  (1337,215)
Hold of Stonefist  (2226,143)  (2183,185)  (2183,142)  (2268,186)  (2226,100)  (2269,100)  (2269,143)  (2181,99)  (2225,228)  (2140,185)  (2140,142)  (2312,75)  (2312,118)  (2138,57)  (2265,271)  (2355,99)  (2260,314)
South Olman Isles  (1598,2513)  (1619,2612)  (1662,2636)
Jurnre  (1096,1706)  (1067,1663)  (1054,1620)
Sable Wood  (3346,158)  (3303,175)  (3389,136)
Hellfurnaces  (692,2301)  (724,2344)  (735,2300)  (661,2239)  (766,2387)  (785,2283)  (767,2430)  (847,2229)
Thellywood  (2393,1631)
Little Hills  (759,1881)  (797,1924)  (740,1838)
Oldred  (2041,1422)  (1998,1464)  (1998,1421)  (2041,1379)  (2084,1381)  (2084,1424)  (1990,1507)  (2127,1405)  (1969,1550)
Barrier Peaks  (284,1347)  (389,1254)  (254,1389)
Hollow Highlands  (2290,1881)  (2346,1818)
Dilwych  (679,1607)  (636,1630)  (636,1587)  (722,1586)
Grandwood South  (2933,1724)
Welkwood  (1230,1345)  (1260,1388)  (1213,1302)  (1205,1259)
Silver Wood  (979,1660)  (1040,1719)
Howling Hills  (1250,369)  (1232,412)  (1208,326)  (1293,344)
Fairwind Isle  (1176,2101)
Torrich  (2753,1678)  (2710,1720)  (2710,1677)  (2795,1721)  (2753,1635)  (2796,1635)  (2796,1678)  (2708,1634)
Griff Mountains  (2153,543)  (2272,475)  (2257,522)  (2118,588)  (2206,516)  (2302,541)
Rieuwood  (2371,1907)  (2328,1944)  (2414,1890)  (2457,1871)
Lof Bosok  (1903,2382)
Radigast City  (1804,1071)  (1754,1017)  (1805,1022)  (1830,1171)  (1785,1177)  (1817,975)  (1841,929)  (1803,1124)
Oljatt Sea  (3237,2472)  (3194,2514)  (3194,2471)  (3279,2515)  (3237,2429)  (3280,2429)  (3280,2472)  (3192,2428)  (3236,2557)  (3193,2557)  (3151,2514)  (3151,2471)  (3322,2515)  (3322,2558)  (3279,2558)  (3150,2558)  (3235,2386)  (3278,2386)  (3321,2386)  (3323,2429)  (3323,2472)  (3149,2428)  (3149,2385)  (3192,2385)  (3364,2345)  (3236,2600)  (3193,2600)  (3108,2515)  (3108,2472)  (3365,2515)  (3365,2558)  (3365,2601)  (3322,2601)  (3279,2601)  (3150,2601)  (3107,2601)  (3107,2558)  (3235,2343)  (3278,2343)  (3321,2343)  (3366,2388)  (3366,2431)  (3106,2429)  (3106,2386)  (3106,2343)  (3149,2342)  (3192,2342)  (3364,2302)  (3407,2302)  (3407,2345)  (3065,2515)  (3065,2472)
Idee Coast  (2090,2050)  (2047,2092)  (2047,2049)  (2132,2093)  (2090,2007)  (2133,2007)  (2133,2050)  (2045,2006)  (2004,2070)  (2175,2093)  (2175,2136)  (2132,2136)  (2176,2015)  (2002,2027)  (2002,1984)  (2045,1963)  (1980,1941)  (2218,2058)  (2218,2101)  (2218,2144)  (2175,2179)  (2132,2179)  (1959,2028)  (1959,1985)  (2261,2131)
Innspa  (2362,1315)  (2379,1241)
Imeda  (2855,1540)  (2845,1583)  (2886,1484)
Fjords  (3093,635)  (3050,639)  (3050,596)  (3136,632)  (3136,675)  (3011,553)  (3179,598)  (3179,641)  (3179,684)  (3054,531)  (2989,510)  (3222,626)  (3222,669)  (3032,488)  (3018,445)
Tilva Strait  (2569,2460)  (2575,2370)  (2590,2317)  (2511,2490)  (2650,2222)  (2565,2518)  (2700,2183)  (2747,2191)  (2604,2268)
Spinewood  (2086,2439)  (2043,2441)  (2128,2482)  (2046,2396)  (2129,2424)
Udgru Forest  (229,531)  (186,548)  (186,505)  (271,574)  (229,488)  (314,549)
Corusk North  (2914,95)  (2957,93)  (3000,102)  (3043,108)
North Olman  (1686,2490)
Barrens East  (1858,412)  (1815,454)  (1815,411)  (1901,396)  (1901,439)  (1828,368)  (1944,397)
South Olman  (1613,2558)
Bramblewood Forest  (640,1063)  (597,1080)  (663,1020)  (706,1003)
Rushmoors  (702,1521)  (659,1535)  (745,1484)
Flanmi  (2831,1201)  (2788,1222)  (2788,1179)  (2873,1244)  (2831,1158)  (2874,1158)  (2874,1201)  (2830,1265)  (2786,1136)  (2829,1115)
Wormhall  (1559,735)  (1573,818)  (1618,785)